# unix_time, cycles_done, cur_path, paths_total, pending_total, pending_favs, map_size, unique_crashes, unique_hangs, max_depth, execs_per_sec
1637516315, 0, 0, 10, 10, 10, 10.38%, 0, 0, 1, 112.04
1637516325, 0, 0, 132, 132, 10, 11.57%, 0, 0, 2, 261.90
1637516330, 0, 0, 254, 254, 10, 11.83%, 0, 0, 2, 246.64
1637516336, 0, 0, 350, 350, 10, 11.99%, 0, 0, 2, 240.17
1637516341, 0, 0, 432, 432, 10, 12.09%, 0, 0, 2, 233.79
1637516346, 0, 0, 507, 507, 10, 12.17%, 0, 0, 2, 230.60
1637516351, 0, 0, 570, 570, 10, 12.22%, 0, 0, 2, 229.84
1637516356, 0, 0, 624, 624, 10, 12.28%, 0, 0, 2, 227.56
1637516361, 0, 0, 671, 671, 10, 12.33%, 0, 0, 2, 230.16
1637516366, 0, 0, 723, 723, 10, 12.36%, 0, 0, 2, 239.31
1637516372, 0, 0, 760, 760, 10, 12.39%, 0, 0, 2, 226.96
1637516377, 0, 0, 796, 796, 10, 12.39%, 0, 0, 2, 237.30
1637516382, 0, 0, 828, 828, 10, 12.42%, 0, 0, 2, 230.23
1637516387, 0, 0, 865, 865, 10, 12.44%, 0, 0, 2, 231.71
1637516392, 0, 0, 885, 885, 10, 12.46%, 0, 0, 2, 246.00
1637516397, 0, 0, 906, 906, 10, 12.48%, 0, 0, 2, 254.48
1637516402, 0, 1, 926, 925, 225, 12.49%, 0, 0, 2, 41.14
